6.9
13
100
8.5
19
90.5
9
22.5
85.5
2.9
9.9
32
3.2
10
29.5
1.8
30
39.5
3.5
18.5
2
38
6.9
65
6
30
12
29.5
7
20
60
9
19.5
62
7.5
40
9.9
19.9
5.5
12
7.5
55
5.4
8.6
18.6
5.4
29.5
30
12.5
0.8
33.3
4.2
32
19.6
76.6
28
32
19
155
12.4
20
54
19.5
56.5
48
19.5
70.5
130
4
6.4
15.5
45.5
55
20
105
300
30
95
36
78.5
6
60
15
39.2
85.2
90
120
30
30
4
132.5
0.1
0.1
40.5
210
32.4
75.6
6.5
60
10.4
66.6
2.5
120
6.5
45
49.8
50.2
65.5
1
9.5
115
120
34.6
35
80
8
25
15
39
34.5
80
54.5
56
40.6
30
44.5
55
88.4
10
235
220
4
6.5
29
24.5
25
36.5
7.5
35
11.5
40.5
59
460
55.4
52.6
60
3.3
16.5
210
122
4
6.4
15.8
100.5
7.9
19
79.5
9.5
25
88.8
6
32.5
21.2
40.8
10.8
35.6
8.5
33.5
75
12
22.5
2
3
1
1.5
3.2
2
15
7.8
13.3
61.5
5.8
8.5
28.5
38
33.9
0.5
1
3
11.5
1.8
8.5
38
8.5
75
26.5
27
2.1
79.5
1
5
28.5
41.5
7.2
125.8
14
64.8
400
7.8
48.7
3.9
118
20.5
54
28
8.8
125.8
35
55
6.5
55.8
5
12
28.5
16
220
50.5
10.8
35
152
33.5
120
32.5
71.2
58
21
48
6
23.5
21.4
75.5
46.8
178
198
187
72
152
202
216
199
5
5
21.6
52.2
2.5
19.5
52
7.6
28
81.9
13.6
37
17.5
32.5
3.6
10
28.4
11.5
31.6
2.6
32.5
55
4
28
59.6
2.3
19.8
9.5
28
6.6
20.2
48.4
1.7
3.6
4.5
39.2
24
46.5
130.5
5.5
12
1.2
16.3
40.5
84
86.4
253.8
2
97
11
32.6
11
11.5
60
120
360
11.2
31.5
15.2
40.2
4.2
4.2
17.7
17.7
2
10.3
80
20.8
88.8
130
398
24
220
80.4
30.6
71.5
5
15
15.3
82
51.3
77.4
1.2
20.6
40.3
52.5
168
154
1.9
23.6
11.5
32.8
21.5
108
23.8
60.4
12.5
68.2
7.4
162
22
2.3
12.5
15
30.6
100
1
47
14
16.8
256.5
39.5
87.6
150.6
52.5
27
22.6
23.4
8.7
42.1
110.5
102.6
95.2
202.5
550
230
175
205
40
60
352
950
206.5
1.1
10.2
97
310
6.2
22
55
5.2
23
84.5
2
15.5
24.9
20
31.5
2.2
25.5
9.5
30.5
42
1.2
14.5
31.5
102.5
57
149.5
3.4
6.5
23.3
5.5
38.5
3.9
29.5
33.5
3.3
9.3
6.3
29.9
20.3
1.2
15
5.5
33.3
4.4
27.3
3.9
43.8
0.6
19.2
38
60.5
187
15
13
24.4
1.9
108
20.5
56
95
105
20.2
54
49.5
300
12
61.5
23
44.4
27
7
24
65
50.5
135.5
34
180
140
282.8
128.6
138.6
68
38
51.5
25.5
25.9
42.5
291
34
52
340
106.6
26.6
0.3
0.3
0.3
0.3
683
336
430
420
750
85.6
3.1
1.4
50.5
2.1
320
4
8.1
16
63
9.9
55.5
150
5.9
24.5
94.6
11.6
27
4.1
14.7
61
10.1
37.5
10.5
30.5
11
28
13.5
29
23.3
60.5
2.1
15
29
29.8
79.5
18
102
260
2.1
10.5
8.5
40.4
31
12.5
40
87
4.5
17
62
55.5
51
2.5
7.3
20.5
5.3
58.5
200.5
0.6
6.6
6.6
16.3
18
15.2
33.4
96.3
37.5
92.9
28
14.5
200
11.8
30
14
1.5
76.5
16.5
81
9.5
32
31
107.3
12.5
81.1
5.8
7.5
5.8
18
44
1
8
20.1
5.5
24.2
5.7
41
57.5
19.5
92.5
5
5.9
33
1
10.5
33
135
31.6
0.6
14.3
18.8
110
21
51
81
0.3
22
80.5
9
34.5
3.1
13
34.3
18
36
105.5
8.5
260
148
7.7
25.3
11
20
35.5
139
92
330
10.2
70
94.6
10.5
41
9
39.5
58
33
17.3
50
160
28.8
46
250
260
200
63
61
330
345
68
325
48.5
6.5
82.5
9
29
90
9.4
14.5
39
7
10.9
40
5
42.4
1.7
16
24.5
2.5
8.4
17
13.5
81.5
0.1
0.9
10
31
91
8
136
28
3.5
8.5
2
4.5
53
0.5
15.5
3.5
5
3.5
47
31
96
7.3
81.5
8.3
35.3
6
21
26
270
25.2
225
23.5
21.5
2.2
5.7
2.8
17.5
150.5
3
7
71
3.5
9.5
99.5
505
8
85
215
203
33.5
8.8
9
195
1.5
16
36.6
4.3
25
83
7.5
17.5
44
1.2
14.8
26
6
14.2
4.4
10.5
45
7
180
3.4
0.2
0.5
9.2
25
0.3
8
14.5
110
920
4
82
1.5
18.5
1.5
11.5
4.8
22.2
6.8
135
3.2
8.2
21.4
0.3
76
82.8
12
108
70
250
1.2
120.5
100.5
40
19.9
212
3.3
0.7
19
185
210
29.7
47
78.2
20.5
18.6
45.5
21.2
0.1
999.9
230
120
55.5
333.6
25
100
999.9
0.1
888
230
80.5
22.2
1.8
150
820
13
44.5
8
800
5
14
90
4.5
9
33
4
11.5
45.2
2.5
6
1.8
16
75
8
19.5
40.8
8.9
19.9
2.2
2.5
6
43
8.5
115.5
13.5
34
12
78
310.5
0.5
1
13
7.6
65.5
18
1
30
11
40
1
120
4
39
0.2
0.4
3.4
4.8
5.1
5.5
12.5
61
46
28
0.4
117
58.2
66.6
0.3
0.5
62
1
3.8
42
520
89
100
650
190
150
215
175
40
2
11
50
110
210
950
12
105
70
145
200
800
44.5
7.7
95.1
89
290
110
43
60.5
48
4.1
12.2
31.2
9.8
30.7
326.5
6.1
21.5
61.9
10.2
120
4
16.5
1
17.5
2.5
6.5
41
1.8
2.8
10.9
14.9
6.5
11.9
48.2
2.4
16
105
240
10.5
85
62
0.4
113
3.6
38.6
16
61
0.7
27.2
0.6
6
33
58
79
3
15
1
3.5
1.5
90
8.9
59.1
112.8
1.8
5.4
42.9
60.2
60.2
35
120
63
310
8
45
35
15
37
45
700
90
220
8
56
223
160
39.2
120
320
8
21
4
92
60
240
11
380.7
111
36
303
17
30
210
5